# Average 1979
100000 1000000 1912
100000 2000000 2169
100000 3000000 1675
100000 4000000 1262
100000 5000000 1542
100000 6000000 1430
100000 7000000 1476
100000 8000000 1385
100000 9000000 1289
100000 10000000 1231
200000 1000000 2702
200000 2000000 2059
200000 3000000 1594
200000 4000000 1464
200000 5000000 1717
200000 6000000 1411
200000 7000000 1341
200000 8000000 1194
200000 9000000 1300
200000 10000000 1301
300000 1000000 3048
300000 2000000 1865
300000 3000000 2767
300000 4000000 2398
300000 5000000 2453
300000 6000000 1743
300000 7000000 2004
300000 8000000 1672
300000 9000000 1310
300000 10000000 1385
400000 1000000 2127
400000 2000000 1919
400000 3000000 1651
400000 4000000 1779
400000 5000000 2284
400000 6000000 1635
400000 7000000 1571
400000 8000000 1942
400000 9000000 2097
400000 10000000 2518
500000 1000000 3597
500000 2000000 2481
500000 3000000 2808
500000 4000000 1841
500000 5000000 2098
500000 6000000 1472
500000 7000000 2342
500000 8000000 1881
500000 9000000 1851
500000 10000000 1780
600000 1000000 2247
600000 2000000 1801
600000 3000000 1526
600000 4000000 2909
600000 5000000 1606
600000 6000000 1507
600000 7000000 2725
600000 8000000 2729
600000 9000000 2078
600000 10000000 1605
700000 1000000 1529
700000 2000000 1846
700000 3000000 1905
700000 4000000 2329
700000 5000000 2662
700000 6000000 2633
700000 7000000 1637
700000 8000000 2205
700000 9000000 1848
700000 10000000 1490
800000 1000000 3246
800000 2000000 2525
800000 3000000 2369
800000 4000000 1985
800000 5000000 2355
800000 6000000 2718
800000 7000000 2202
800000 8000000 1908
800000 9000000 2043
800000 10000000 1623
900000 1000000 3174
900000 2000000 1913
900000 3000000 1712
900000 4000000 1776
900000 5000000 2021
900000 6000000 1984
900000 7000000 2028
900000 8000000 1626
900000 9000000 1528
900000 10000000 1500
1000000 1000000 2538
1000000 2000000 2066
1000000 3000000 1658
1000000 4000000 2783
1000000 5000000 2572
1000000 6000000 2373
1000000 7000000 1872
1000000 8000000 2057
1000000 9000000 1494
1000000 10000000 1716
