100000 1000000 1636
100000 2000000 1499
100000 3000000 1577
100000 4000000 1551
100000 5000000 1536
100000 6000000 1918
100000 7000000 1688
100000 8000000 1830
100000 9000000 1912
100000 10000000 1750
200000 1000000 1923
200000 2000000 1788
200000 3000000 1858
200000 4000000 2290
200000 5000000 2214
200000 6000000 2359
200000 7000000 1927
200000 8000000 2075
200000 9000000 2255
200000 10000000 2033
300000 1000000 2036
300000 2000000 1958
300000 3000000 2130
300000 4000000 1924
300000 5000000 2182
300000 6000000 1978
300000 7000000 1828
300000 8000000 2020
300000 9000000 2034
300000 10000000 2061
400000 1000000 1658
400000 2000000 1821
400000 3000000 1695
400000 4000000 1731
400000 5000000 2128
400000 6000000 1265
400000 7000000 2039
400000 8000000 2151
400000 9000000 1948
400000 10000000 1907
500000 1000000 2293
500000 2000000 1851
500000 3000000 1889
500000 4000000 2106
500000 5000000 1964
500000 6000000 2106
500000 7000000 2136
500000 8000000 2059
500000 9000000 2018
500000 10000000 1998
600000 1000000 1941
600000 2000000 2028
600000 3000000 1815
600000 4000000 2052
600000 5000000 2010
600000 6000000 1927
600000 7000000 1820
600000 8000000 2028
600000 9000000 1863
600000 10000000 2083
700000 1000000 1862
700000 2000000 1644
700000 3000000 1374
700000 4000000 1544
700000 5000000 1535
700000 6000000 1941
700000 7000000 1871
700000 8000000 1964
700000 9000000 1857
700000 10000000 1751
800000 1000000 2262
800000 2000000 1998
800000 3000000 1895
800000 4000000 1622
800000 5000000 1983
800000 6000000 1804
800000 7000000 1829
800000 8000000 1760
800000 9000000 1930
800000 10000000 1911
900000 1000000 2272
900000 2000000 1787
900000 3000000 1886
900000 4000000 2314
900000 5000000 2184
900000 6000000 2015
900000 7000000 2055
900000 8000000 1853
900000 9000000 2163
900000 10000000 2383
1000000 1000000 2127
1000000 2000000 1740
1000000 3000000 1615
1000000 4000000 1454
1000000 5000000 2039
1000000 6000000 1853
1000000 7000000 1997
1000000 8000000 2052
1000000 9000000 2186
1000000 10000000 2478
# Average [1928]
